    sumandos = [
        [96, 56, 00, 43, 80],
        [13, 90, 23, 44, 2],
        [85, 20, 10, 34, 91],
        [85, 70, 52, 11, 13],
        [75, 84, 81, 17, 23],
        [19, 57, 40, 97, 53],
        [8, 94, 63, 73, 66],
        [59, 82, 42, 13, 95],
        [74, 94, 12, 50, 7],
        [61, 84, 6, 10, 63],
        [38, 94, 95, 20, 2],
        [17, 28, 95, 33, 72],
        [31, 27, 36, 97, 5],
        [54, 82, 46, 97, 91],
        [97, 94, 44, 45, 51],
        [74, 74, 78, 45, 17],
        [86, 68, 81, 6, 69],
        [40, 89, 18, 61, 24],
        [76, 11, 8, 81, 56],
        [87, 88, 59, 5, 79],
        [88, 4, 3, 29, 79],
        [2, 55, 20, 4, 62],
        [40, 35, 66, 42, 88],
        [65, 56, 6, 61, 6],
        [26, 20, 75, 22, 18],
        [68, 86, 74, 34, 41],
        [97, 87, 75, 52, 3],
        [66, 72, 27, 42, 81],
        [81, 87, 80, 89, 9],
        [13, 84, 38, 76, 88],
        [57, 50, 45, 68, 57],
        [37, 91, 93, 86, 23],
        [42, 92, 88, 58, 2],
        [84, 74, 39, 83, 12],
        [10, 10, 25, 99, 63],
        [41, 41, 53, 62, 25],
        [88, 27, 64, 92, 73],
        [89, 36, 21, 18, 16],
        [66, 18, 92, 00, 68],
        [92, 76, 3, 69, 74],
        [50, 62, 14, 34, 97],
        [65, 92, 23, 51, 7],
        [64, 32, 47, 74, 16],
        [90, 98, 83, 10, 89],
        [61, 75, 45, 90, 22],
        [23, 17, 58, 76, 2],
        [23, 88, 98, 40, 63],
        [20, 65, 70, 66, 10],
        [62, 6, 69, 94, 85],
        [85, 97, 56, 82, 57],
        [19, 27, 52, 13, 43],
        [11, 27, 74, 92, 88],
        [19, 31, 21, 44, 5],
        [82, 25, 31, 79, 16],
        [3, 49, 76, 50, 66],
        [91, 31, 98, 54, 23],
        [22, 54, 45, 77, 3],
        [66, 39, 30, 61, 83],
        [18, 4, 50, 77, 37],
        [4, 22, 71, 40, 9],
        [31, 52, 79, 48, 5],
        [74, 92, 22, 67, 17],
        [77, 45, 2, 50, 8],
        [49, 62, 78, 62, 15],
        [39, 36, 18, 87, 63],
        [95, 86, 21, 35, 93],
        [58, 97, 72, 62, 81],
        [3, 15, 39, 19, 3],
        [3, 85, 37, 78, 92],
        [46, 15, 53, 86, 23],
        [17, 78, 54, 97, 56],
        [39, 9, 7, 48, 92],
        [75, 28, 51, 88, 76],
        [75, 75, 24, 18, 80],
        [74, 74, 16, 58, 50],
        [95, 53, 20, 83, 56],
        [39, 36, 86, 65, 18],
        [36, 71, 9, 78, 73],
        [37, 76, 49, 41, 85],
        [69, 49, 92, 51, 74],
        [69, 85, 58, 32, 42],
        [40, 14, 58, 2, 93],
        [64, 59, 42, 86, 2],
        [34, 39, 74, 74, 50],
        [84, 47, 52, 75, 81],
        [50, 72, 42, 37, 66],
        [16, 11, 25, 29, 25],
        [13, 4, 53, 90, 48],
        [93, 57, 50, 96, 71],
        [88, 94, 15, 84, 13],
        [21, 45, 28, 21, 69],
        [85, 67, 81, 22, 89],
        [69, 49, 37, 45, 64],
        [35, 2, 46, 98, 29],
        [51, 70, 17, 99, 20],
        [19, 50, 54, 76, 19],
        [15, 25, 11, 15, 94],
        [25, 47, 45, 26, 69],
        [98, 63, 93, 80, 33],
        [68, 57, 22, 47, 78],
    ]

    sumandos = [
        [0, 0, 0, 0, 1],
        [0, 0, 0, 0, 2],
        [0, 0, 0, 0, 3],
        [0, 0, 0, 0, 4],
        [0, 0, 0, 0, 5],
        [0, 0, 0, 0, 6],
        [0, 0, 0, 0, 7],
        [0, 0, 0, 0, 8],
    ]

{% block scripts %}
    <script src="{% static "static_sumas/sumas_javascript/sumas.js" %}"></script>
{% endblock %}

{% block scripts %}
    <script src="{% static "static_raven/raven_javascript/raven.js" %}"></script>
{% endblock %}

{% block scripts %}
    <script src="{% static "static_dados/dados_javascript/dados.js" %}"></script>
{% endblock %}